# Game Level Exporter v1.3
LIGHT
Light
<Matrix 4x4 (-0.2909, -0.0552,  0.9552, 0.0000)
            (-0.7711,  0.6045, -0.1999, 0.0000)
            (-0.5664, -0.7947, -0.2184, 0.0000)
            ( 4.0762,  5.9039,  1.0055, 1.0000)>
CAMERA
Camera
<Matrix 4x4 ( 0.6859,  0.0000,  0.7277, 0.0000)
            (-0.3240,  0.8954,  0.3054, 0.0000)
            (-0.6516, -0.4453,  0.6142, 0.0000)
            ( 7.3589,  4.9583, -6.9258, 1.0000)>
MESH
Platform_4x4_Cube.099
<Matrix 4x4 (1.0000,  0.0000, 0.0000, 0.0000)
            (0.0000,  1.0000, 0.0000, 0.0000)
            (0.0000, -0.0000, 1.0000, 0.0000)
            (0.0000,  0.0000, 0.0000, 1.0000)>
MESH
Platform_4x4_Cube.001
<Matrix 4x4 ( 1.0000,  0.0000, 0.0000, 0.0000)
            ( 0.0000,  1.0000, 0.0000, 0.0000)
            ( 0.0000, -0.0000, 1.0000, 0.0000)
            (-3.7398,  1.7445, 7.2687, 1.0000)>
MESH
Platform_4x2_Cube.076
<Matrix 4x4 (1.0000,  0.0000, 0.0000, 0.0000)
            (0.0000,  1.0000, 0.0000, 0.0000)
            (0.0000, -0.0000, 1.0000, 0.0000)
            (0.0000,  1.7502, 3.2971, 1.0000)>
MESH
Platform_4x1_Cube.065
<Matrix 4x4 ( 1.0000,  0.0000, 0.0000, 0.0000)
            ( 0.0000,  1.0000, 0.0000, 0.0000)
            ( 0.0000, -0.0000, 1.0000, 0.0000)
            (-3.7567,  1.7172, 3.0883, 1.0000)>
MESH
Platform_2x2_Cube
<Matrix 4x4 ( 1.0000,  0.0000, 0.0000, 0.0000)
            ( 0.0000,  1.0000, 0.0000, 0.0000)
            ( 0.0000, -0.0000, 1.0000, 0.0000)
            (-6.6714,  1.7024, 2.9925, 1.0000)>
MESH
Antenna_2_Cylinder.002
<Matrix 4x4 ( 1.0000,  0.0000,  0.0000, 0.0000)
            ( 0.0000,  1.0000,  0.0000, 0.0000)
            ( 0.0000, -0.0000,  1.0000, 0.0000)
            (-1.8099,  0.3182, -1.7369, 1.0000)>
MESH
Antenna_2_Cylinder.001
<Matrix 4x4 (-0.4841,  0.0000,  0.8750, 0.0000)
            (-0.0000,  1.0000, -0.0000, 0.0000)
            (-0.8750, -0.0000, -0.4841, 0.0000)
            (-1.7402,  0.3236, -1.0234, 1.0000)>
MESH
Door_Cylinder.005
<Matrix 4x4 ( 1.0000,  0.0000, 0.0000, 0.0000)
            ( 0.0000,  1.0000, 0.0000, 0.0000)
            ( 0.0000, -0.0000, 1.0000, 0.0000)
            (-0.0473,  1.7543, 4.3242, 1.0000)>
MESH
Door_Cylinder.001
<Matrix 4x4 ( 1.0000,  0.0000, 0.0000, 0.0000)
            ( 0.0000,  1.0000, 0.0000, 0.0000)
            ( 0.0000, -0.0000, 1.0000, 0.0000)
            (-0.0473,  1.7543, 9.2380, 1.0000)>
MESH
Platform_2x2_Cube.001
<Matrix 4x4 ( 1.0000,  0.0000,  0.0000, 0.0000)
            ( 0.0000,  1.0000,  0.0000, 0.0000)
            ( 0.0000, -0.0000,  1.0000, 0.0000)
            (-0.0419,  1.7024, 10.2503, 1.0000)>
MESH
Computer_Cube.006
<Matrix 4x4 (0.6128,  0.0000, 0.0000, 0.0000)
            (0.0000,  0.6487, 0.0000, 0.0000)
            (0.0000, -0.0000, 0.5193, 0.0000)
            (0.6788,  1.7310, 4.1753, 1.0000)>
MESH
Computer_Cube.001
<Matrix 4x4 (-0.6115,  0.0000,  0.0392, 0.0000)
            (-0.0000,  0.6487, -0.0000, 0.0000)
            (-0.0332, -0.0000, -0.5182, 0.0000)
            (-0.6922,  1.7310,  9.3118, 1.0000)>
MESH
Sword_Cube.027
<Matrix 4x4 (-0.9997,  0.0000,  0.0231, 0.0000)
            (-0.0000,  1.0000, -0.0000, 0.0000)
            (-0.0231, -0.0000, -0.9997, 0.0000)
            ( 0.0000,  0.0000,  0.0000, 1.0000)>
MESH
Cube.007_Cube.025
<Matrix 4x4 (-0.9997,  0.0000,  0.0231, 0.0000)
            (-0.0000,  1.0000, -0.0000, 0.0000)
            (-0.0231, -0.0000, -0.9997, 0.0000)
            ( 0.0000,  0.0000,  0.0000, 1.0000)>
MESH
Cube.000
<Matrix 4x4 (-0.9997,  0.0000,  0.0231, 0.0000)
            (-0.0000,  1.0000, -0.0000, 0.0000)
            (-0.0231, -0.0000, -0.9997, 0.0000)
            ( 0.0000,  0.0000,  0.0000, 1.0000)>
MESH
Cube.009_Cube.014
<Matrix 4x4 (-0.9997,  0.0000,  0.0231, 0.0000)
            (-0.0000,  1.0000, -0.0000, 0.0000)
            (-0.0231, -0.0000, -0.9997, 0.0000)
            ( 0.0000,  0.0000,  0.0000, 1.0000)>
MESH
Turret_Cannon_Base_Cylinder.030
<Matrix 4x4 ( 1.0000,  0.0000, 0.0000, 0.0000)
            ( 0.0000,  1.0000, 0.0000, 0.0000)
            ( 0.0000, -0.0000, 1.0000, 0.0000)
            (-6.6202,  1.6895, 2.7135, 1.0000)>
MESH
Turret_Cannon_Top_Cylinder.031
<Matrix 4x4 ( 1.0000,  0.0000, 0.0000, 0.0000)
            ( 0.0000,  1.0000, 0.0000, 0.0000)
            ( 0.0000, -0.0000, 1.0000, 0.0000)
            (-6.6202,  1.6895, 2.7135, 1.0000)>
MESH
Turret_Cannon_Base_Cylinder.001
<Matrix 4x4 ( 1.0000,  0.0000, 0.0000, 0.0000)
            ( 0.0000,  1.0000, 0.0000, 0.0000)
            ( 0.0000, -0.0000, 1.0000, 0.0000)
            (-4.9700,  1.7271, 6.1385, 1.0000)>
MESH
Turret_Cannon_Top_Cylinder.001
<Matrix 4x4 ( 1.0000,  0.0000, 0.0000, 0.0000)
            ( 0.0000,  1.0000, 0.0000, 0.0000)
            ( 0.0000, -0.0000, 1.0000, 0.0000)
            (-4.9700,  1.7271, 6.1385, 1.0000)>
MESH
Turret_Cannon_Base_Cylinder.002
<Matrix 4x4 ( 1.0000,  0.0000, 0.0000, 0.0000)
            ( 0.0000,  1.0000, 0.0000, 0.0000)
            ( 0.0000, -0.0000, 1.0000, 0.0000)
            (-2.5263,  1.7271, 8.4647, 1.0000)>
MESH
Turret_Cannon_Top_Cylinder.002
<Matrix 4x4 ( 1.0000,  0.0000, 0.0000, 0.0000)
            ( 0.0000,  1.0000, 0.0000, 0.0000)
            ( 0.0000, -0.0000, 1.0000, 0.0000)
            (-2.5263,  1.7271, 8.4647, 1.0000)>
MESH
Platform_4x4_Cube.002
<Matrix 4x4 (1.0000,  0.0000,  0.0000, 0.0000)
            (0.0000,  1.0000,  0.0000, 0.0000)
            (0.0000, -0.0000,  1.0000, 0.0000)
            (4.3069,  1.7445, 16.3440, 1.0000)>
MESH
Platform_4x2_Cube.001
<Matrix 4x4 (1.0000,  0.0000,  0.0000, 0.0000)
            (0.0000,  1.0000,  0.0000, 0.0000)
            (0.0000, -0.0000,  1.0000, 0.0000)
            (0.0000,  1.7502, 12.3723, 1.0000)>
MESH
Platform_4x1_Cube.001
<Matrix 4x4 (1.0000,  0.0000,  0.0000, 0.0000)
            (0.0000,  1.0000,  0.0000, 0.0000)
            (0.0000, -0.0000,  1.0000, 0.0000)
            (3.8664,  1.7172, 12.1636, 1.0000)>
MESH
Platform_2x2_Cube.002
<Matrix 4x4 (1.0000,  0.0000,  0.0000, 0.0000)
            (0.0000,  1.0000,  0.0000, 0.0000)
            (0.0000, -0.0000,  1.0000, 0.0000)
            (6.8963,  1.7024, 12.0678, 1.0000)>
MESH
Door_Cylinder.002
<Matrix 4x4 ( 1.0000,  0.0000,  0.0000, 0.0000)
            ( 0.0000,  1.0000,  0.0000, 0.0000)
            ( 0.0000, -0.0000,  1.0000, 0.0000)
            (-0.0473,  1.7543, 13.3994, 1.0000)>
MESH
Turret_Cannon_Base_Cylinder.003
<Matrix 4x4 (1.0000,  0.0000,  0.0000, 0.0000)
            (0.0000,  1.0000,  0.0000, 0.0000)
            (0.0000, -0.0000,  1.0000, 0.0000)
            (6.9476,  1.6895, 11.7887, 1.0000)>
MESH
Turret_Cannon_Top_Cylinder.003
<Matrix 4x4 (1.0000,  0.0000,  0.0000, 0.0000)
            (0.0000,  1.0000,  0.0000, 0.0000)
            (0.0000, -0.0000,  1.0000, 0.0000)
            (6.9476,  1.6895, 11.7887, 1.0000)>
MESH
Turret_Cannon_Base_Cylinder.004
<Matrix 4x4 (1.0000,  0.0000,  0.0000, 0.0000)
            (0.0000,  1.0000,  0.0000, 0.0000)
            (0.0000, -0.0000,  1.0000, 0.0000)
            (3.0767,  1.7271, 15.2138, 1.0000)>
MESH
Turret_Cannon_Top_Cylinder.004
<Matrix 4x4 (1.0000,  0.0000,  0.0000, 0.0000)
            (0.0000,  1.0000,  0.0000, 0.0000)
            (0.0000, -0.0000,  1.0000, 0.0000)
            (3.0767,  1.7271, 15.2138, 1.0000)>
MESH
Turret_Cannon_Base_Cylinder.005
<Matrix 4x4 (1.0000,  0.0000,  0.0000, 0.0000)
            (0.0000,  1.0000,  0.0000, 0.0000)
            (0.0000, -0.0000,  1.0000, 0.0000)
            (5.5203,  1.7271, 17.5400, 1.0000)>
MESH
Turret_Cannon_Top_Cylinder.005
<Matrix 4x4 (1.0000,  0.0000,  0.0000, 0.0000)
            (0.0000,  1.0000,  0.0000, 0.0000)
            (0.0000, -0.0000,  1.0000, 0.0000)
            (5.5203,  1.7271, 17.5400, 1.0000)>
