# Game Level Exporter v1.3
LIGHT
Light
<Matrix 4x4 (-0.2909, -0.0552,  0.9552, 0.0000)
            (-0.7711,  0.6045, -0.1999, 0.0000)
            (-0.5664, -0.7947, -0.2184, 0.0000)
            (-5.3084,  4.4941,  3.7459, 1.0000)>
CAMERA
Camera
<Matrix 4x4 ( 0.6859,  0.0000,  0.7277, 0.0000)
            (-0.3240,  0.8954,  0.3054, 0.0000)
            (-0.6516, -0.4453,  0.6142, 0.0000)
            ( 7.3589,  4.9583, -6.9258, 1.0000)>
MESH
Platform_4x4
<Matrix 4x4 (1.0000,  0.0000, 0.0000, 0.0000)
            (0.0000,  1.0000, 0.0000, 0.0000)
            (0.0000, -0.0000, 1.0000, 0.0000)
            (4.1602,  0.0000, 0.8756, 1.0000)>
MESH
Platform_4x4.001
<Matrix 4x4 ( 0.7858, 0.2331, -0.5729, 0.0000)
            (-0.3952, 0.9017, -0.1753, 0.0000)
            ( 0.4757, 0.3642,  0.8007, 0.0000)
            ( 4.6930, 0.0167,  8.7980, 1.0000)>
MESH
Platform_4x4.002
<Matrix 4x4 (  0.0599,  0.0000, -0.9982, 0.0000)
            (  0.0000,  1.0000,  0.0000, 0.0000)
            (  0.9982, -0.0000,  0.0599, 0.0000)
            (-11.0980,  0.0000,  8.5371, 1.0000)>
MESH
Platform_4x4.003
<Matrix 4x4 (  0.6239,  0.0000, 0.7815, 0.0000)
            ( -0.0000,  1.0000, 0.0000, 0.0000)
            ( -0.7815, -0.0000, 0.6239, 0.0000)
            (-18.3671,  0.0000, 2.5597, 1.0000)>
MESH
Platform_2x2
<Matrix 4x4 (  1.0000,  0.0000,  0.0000, 0.0000)
            (  0.0000,  1.0000,  0.0000, 0.0000)
            (  0.0000, -0.0000,  1.0000, 0.0000)
            (-10.8428,  1.0622, -1.9522, 1.0000)>
MESH
Platform_2x2.001
<Matrix 4x4 ( 0.8738, -0.3415, -0.3462, 0.0000)
            ( 0.3998,  0.9098,  0.1116, 0.0000)
            ( 0.2769, -0.2359,  0.9315, 0.0000)
            (-0.3264,  0.0000,  6.2375, 1.0000)>
MESH
Platform_2x2.002
<Matrix 4x4 (  0.9707,  0.0000,  0.2401, 0.0000)
            ( -0.0000,  1.0000,  0.0000, 0.0000)
            ( -0.2401, -0.0000,  0.9707, 0.0000)
            (-13.9282, -0.2427, -1.5134, 1.0000)>
MESH
Platform_4x1
<Matrix 4x4 (-0.2756, -0.0081,  0.9612, 0.0000)
            (-0.3150,  0.9455, -0.0823, 0.0000)
            (-0.9082, -0.3254, -0.2631, 0.0000)
            (-9.4004,  2.3756, -5.2130, 1.0000)>
MESH
Platform_4x1.001
<Matrix 4x4 ( 0.0874, -0.0432, -0.9952, 0.0000)
            (-0.2662,  0.9617, -0.0652, 0.0000)
            ( 0.9599,  0.2706,  0.0725, 0.0000)
            (-5.4015,  1.2245,  8.6880, 1.0000)>
MESH
Character
<Matrix 4x4 (1.0000,  0.0000, 0.0000, 0.0000)
            (0.0000,  1.0000, 0.0000, 0.0000)
            (0.0000, -0.0000, 1.0000, 0.0000)
            (4.1602,  0.0000, 0.8756, 1.0000)>
MESH
Sign_4
<Matrix 4x4 ( 0.9366,  0.0000, -0.3503, 0.0000)
            (-0.2970,  0.5302, -0.7942, 0.0000)
            ( 0.1857,  0.8479,  0.4966, 0.0000)
            ( 3.7123, -1.0610,  6.5653, 1.0000)>
MESH
Platform_4x4.004
<Matrix 4x4 ( -0.8253,  0.0000,  0.5646, 0.0000)
            ( -0.0000,  1.0000, -0.0000, 0.0000)
            ( -0.5646, -0.0000, -0.8253, 0.0000)
            (-16.2305,  1.8878,  8.5371, 1.0000)>
MESH
Light_Street_2
<Matrix 4x4 ( 0.8959, -0.4212, -0.1414, 0.0000)
            ( 0.4356,  0.8954,  0.0920, 0.0000)
            ( 0.0879, -0.1440,  0.9857, 0.0000)
            (-1.2264,  0.0000,  5.7759, 1.0000)>
MESH
Light_Street_2.001
<Matrix 4x4 (  1.0000,  0.0000, 0.0000, 0.0000)
            (  0.0000,  1.0000, 0.0000, 0.0000)
            (  0.0000, -0.0000, 1.0000, 0.0000)
            (-18.3177,  1.7265, 8.1397, 1.0000)>
MESH
Light_Street_2.002
<Matrix 4x4 ( 0.9710, 0.2004, -0.1307, 0.0000)
            (-0.2092, 0.9762, -0.0572, 0.0000)
            ( 0.1162, 0.0829,  0.9898, 0.0000)
            (-8.7697, 2.2991, -6.4203, 1.0000)>
MESH
Light_Street_2.004
<Matrix 4x4 ( 1.0000,  0.0000, 0.0000, 0.0000)
            ( 0.0000,  1.0000, 0.0000, 0.0000)
            ( 0.0000, -0.0000, 1.0000, 0.0000)
            (-9.4359, -0.1269, 7.2080, 1.0000)>
MESH
Tank
<Matrix 4x4 (0.8040,  0.1987, -0.5605, 0.0000)
            (0.4860,  0.3236,  0.8118, 0.0000)
            (0.3427, -0.9251,  0.1636, 0.0000)
            (5.2577, -0.3918,  7.2037, 1.0000)>
MESH
Rail_Long
<Matrix 4x4 (  0.9982,  0.0000, 0.0606, 0.0000)
            ( -0.0000,  1.0000, 0.0000, 0.0000)
            ( -0.0606, -0.0000, 0.9982, 0.0000)
            (-10.4431,  0.0000, 6.9243, 1.0000)>
MESH
Lootbox
<Matrix 4x4 ( 1.0000,  0.0000, 0.0000, 0.0000)
            ( 0.0000,  1.0000, 0.0000, 0.0000)
            ( 0.0000, -0.0000, 1.0000, 0.0000)
            (-9.8812,  0.0000, 7.2884, 1.0000)>
MESH
Lootbox.001
<Matrix 4x4 (  0.8929,  0.0000, 0.4502, 0.0000)
            ( -0.0000,  1.0000, 0.0000, 0.0000)
            ( -0.4502, -0.0000, 0.8929, 0.0000)
            (-10.6391,  0.0258, 7.2846, 1.0000)>
MESH
Pipe_2
<Matrix 4x4 (  0.6393,  0.0000, 0.7690, 0.0000)
            ( -0.7689,  0.0134, 0.6392, 0.0000)
            ( -0.0103, -0.9999, 0.0086, 0.0000)
            (-19.9273,  0.0000, 3.2696, 1.0000)>
MESH
Pipe_2.001
<Matrix 4x4 (  0.6393,  0.0000, 0.7690, 0.0000)
            ( -0.7689,  0.0134, 0.6392, 0.0000)
            ( -0.0103, -0.9999, 0.0086, 0.0000)
            (-19.9273,  0.0000, 2.8268, 1.0000)>
MESH
Pipe_2.002
<Matrix 4x4 (  0.6393,  0.0000, 0.7690, 0.0000)
            ( -0.7689,  0.0134, 0.6392, 0.0000)
            ( -0.0103, -0.9999, 0.0086, 0.0000)
            (-19.9273,  0.0000, 2.4263, 1.0000)>
MESH
AC_Stacked
<Matrix 4x4 (  1.3099, -0.0056, -1.3096, 0.0000)
            (  0.0151,  1.6664,  0.0080, 0.0000)
            (  1.2310, -0.0170,  1.2314, 0.0000)
            (-21.3666, -1.0728,  0.9319, 1.0000)>
MESH
AC_Stacked.001
<Matrix 4x4 ( -0.7938,  0.0271,  0.8267, 0.0000)
            (  0.0108,  0.9578, -0.0210, 0.0000)
            ( -1.2511, -0.0122, -1.2011, 0.0000)
            (-21.0379, -1.0728,  1.3273, 1.0000)>
MESH
Rail_Short
<Matrix 4x4 (  0.6897,  0.0094,  0.7240, 0.0000)
            ( -0.0030,  0.9999, -0.0101, 0.0000)
            ( -0.7241,  0.0048,  0.6897, 0.0000)
            (-20.3440, -0.9825,  1.7812, 1.0000)>
MESH
Rail_Short.001
<Matrix 4x4 (  0.5859, -0.0096,  0.8104, 0.0000)
            ( -0.0122, -1.8230, -0.0128, 0.0000)
            (  0.8104, -0.0013, -0.5859, 0.0000)
            (-20.5394, -1.0163,  2.0169, 1.0000)>
MESH
Platform_4x4.005
<Matrix 4x4 (  0.0908,  0.1894,  0.9777, 0.0000)
            (  0.3754,  0.9028, -0.2098, 0.0000)
            ( -0.9224,  0.3861,  0.0109, 0.0000)
            (-12.4400, -0.2988, -9.4248, 1.0000)>
MESH
Platform_2x2.003
<Matrix 4x4 ( -0.9219,  0.3871,   0.0159, 0.0000)
            (  0.3754,  0.9028,  -0.2098, 0.0000)
            ( -0.0956, -0.1874,  -0.9776, 0.0000)
            (-13.8238,  0.2454, -12.8847, 1.0000)>
MESH
Pipe_2.003
<Matrix 4x4 (  0.1091,  0.1817,   0.9773, 0.0000)
            ( -0.9153,  0.4018,   0.0275, 0.0000)
            ( -0.3877, -0.8975,   0.2102, 0.0000)
            (-14.0815,  0.1465, -10.4458, 1.0000)>
MESH
Pipe_2.004
<Matrix 4x4 (  0.1091,  0.1817,   0.9773, 0.0000)
            ( -0.9153,  0.4018,   0.0275, 0.0000)
            ( -0.3877, -0.8975,   0.2102, 0.0000)
            (-13.8194,  0.0388, -10.4402, 1.0000)>
MESH
Pipe_2.005
<Matrix 4x4 (  0.1091,  0.1817,   0.9773, 0.0000)
            ( -0.9153,  0.4018,   0.0275, 0.0000)
            ( -0.3877, -0.8975,   0.2102, 0.0000)
            (-13.5858, -0.0643, -10.4660, 1.0000)>
MESH
AC_Stacked.002
<Matrix 4x4 (  1.5042, -0.6770,  -0.1978, 0.0000)
            (  0.6333,  1.5048,  -0.3344, 0.0000)
            (  0.2530,  0.1824,   1.3002, 0.0000)
            (-14.6373, -1.7245, -12.3151, 1.0000)>
MESH
AC_Stacked.003
<Matrix 4x4 ( -1.0241,  0.4916,   0.1541, 0.0000)
            (  0.3786,  0.8546,  -0.2106, 0.0000)
            ( -0.3715, -0.2485,  -1.6758, 0.0000)
            (-14.2976, -1.2563, -11.7561, 1.0000)>
MESH
Rail_Short.002
<Matrix 4x4 (  0.1745,  0.1635,   0.9710, 0.0000)
            (  0.3782,  0.8994,  -0.2194, 0.0000)
            ( -0.9091,  0.4055,   0.0951, 0.0000)
            (-13.9532, -1.1257, -11.0078, 1.0000)>
MESH
Rail_Short.003
<Matrix 4x4 (  0.0431,  0.1989,   0.9791, 0.0000)
            ( -0.6874, -1.6485,   0.3652, 0.0000)
            (  0.9252, -0.3778,   0.0360, 0.0000)
            (-14.2367, -1.0287, -10.9365, 1.0000)>
