# Game Level Exporter v1.3
LIGHT
Light
<Matrix 4x4 (-0.2909, -0.0552,  0.9552, 0.0000)
            (-0.7711,  0.6045, -0.1999, 0.0000)
            (-0.5664, -0.7947, -0.2184, 0.0000)
            (-5.3084,  4.4941,  3.7459, 1.0000)>
CAMERA
Camera
<Matrix 4x4 ( 0.6859,  0.0000,  0.7277, 0.0000)
            (-0.3240,  0.8954,  0.3054, 0.0000)
            (-0.6516, -0.4453,  0.6142, 0.0000)
            ( 7.3589,  4.9583, -6.9258, 1.0000)>
MESH
Platform_4x4
<Matrix 4x4 (1.0000,  0.0000, 0.0000, 0.0000)
            (0.0000,  1.0000, 0.0000, 0.0000)
            (0.0000, -0.0000, 1.0000, 0.0000)
            (4.1602,  0.0000, 0.8756, 1.0000)>
MESH
Platform_4x4.001
<Matrix 4x4 ( 0.7858, 0.2331, -0.5729, 0.0000)
            (-0.3952, 0.9017, -0.1753, 0.0000)
            ( 0.4757, 0.3642,  0.8007, 0.0000)
            ( 4.6930, 0.0167,  8.7980, 1.0000)>
MESH
Platform_4x4.002
<Matrix 4x4 (  0.0599,  0.0000, -0.9982, 0.0000)
            (  0.0000,  1.0000,  0.0000, 0.0000)
            (  0.9982, -0.0000,  0.0599, 0.0000)
            (-11.0980,  0.0000,  8.5371, 1.0000)>
MESH
Platform_4x4.003
<Matrix 4x4 (  0.6239,  0.0000, 0.7815, 0.0000)
            ( -0.0000,  1.0000, 0.0000, 0.0000)
            ( -0.7815, -0.0000, 0.6239, 0.0000)
            (-18.3671,  0.0000, 2.5597, 1.0000)>
MESH
Platform_2x2
<Matrix 4x4 (  1.0000,  0.0000,  0.0000, 0.0000)
            (  0.0000,  1.0000,  0.0000, 0.0000)
            (  0.0000, -0.0000,  1.0000, 0.0000)
            (-10.8428,  1.0622, -1.9522, 1.0000)>
MESH
Platform_2x2.001
<Matrix 4x4 ( 0.8738, -0.3415, -0.3462, 0.0000)
            ( 0.3998,  0.9098,  0.1116, 0.0000)
            ( 0.2769, -0.2359,  0.9315, 0.0000)
            (-0.3264,  0.0000,  6.2375, 1.0000)>
MESH
Platform_2x2.002
<Matrix 4x4 (  0.9707,  0.0000,  0.2401, 0.0000)
            ( -0.0000,  1.0000,  0.0000, 0.0000)
            ( -0.2401, -0.0000,  0.9707, 0.0000)
            (-13.9282, -0.2427, -1.5134, 1.0000)>
MESH
Platform_4x1
<Matrix 4x4 (-0.2756, -0.0081,  0.9612, 0.0000)
            (-0.3150,  0.9455, -0.0823, 0.0000)
            (-0.9082, -0.3254, -0.2631, 0.0000)
            (-9.4004,  2.3756, -5.2130, 1.0000)>
MESH
Platform_4x1.001
<Matrix 4x4 ( 0.0874, -0.0432, -0.9952, 0.0000)
            (-0.2662,  0.9617, -0.0652, 0.0000)
            ( 0.9599,  0.2706,  0.0725, 0.0000)
            (-5.4015,  1.2245,  8.6880, 1.0000)>
MESH
Character
<Matrix 4x4 (1.0000,  0.0000, 0.0000, 0.0000)
            (0.0000,  1.0000, 0.0000, 0.0000)
            (0.0000, -0.0000, 1.0000, 0.0000)
            (4.1602,  0.0000, 0.8756, 1.0000)>
MESH
Sign_4
<Matrix 4x4 ( 0.9366,  0.0000, -0.3503, 0.0000)
            (-0.2970,  0.5302, -0.7942, 0.0000)
            ( 0.1857,  0.8479,  0.4966, 0.0000)
            ( 3.7123, -1.0610,  6.5653, 1.0000)>
MESH
Platform_4x4.004
<Matrix 4x4 ( -0.8253,  0.0000,  0.5646, 0.0000)
            ( -0.0000,  1.0000, -0.0000, 0.0000)
            ( -0.5646, -0.0000, -0.8253, 0.0000)
            (-16.2305,  1.8878,  8.5371, 1.0000)>
MESH
Tank_Cylinder.006
<Matrix 4x4 (0.7858,  0.2331, -0.5729, 0.0000)
            (0.4785,  0.3578,  0.8019, 0.0000)
            (0.3919, -0.9042,  0.1696, 0.0000)
            (5.4363, -0.4116,  7.1717, 1.0000)>
MESH
Pipe_2_Cube.037
<Matrix 4x4 (  0.6682,  0.0000,  0.0357, 0.0000)
            ( -0.0518,  0.2359,  0.9704, 0.0000)
            ( -0.0126, -0.9718,  0.2356, 0.0000)
            (-11.1598, -0.0010, 10.0508, 1.0000)>
MESH
Pipe_2_Cube.001
<Matrix 4x4 (  0.6682,  0.0000, 0.0357, 0.0000)
            ( -0.0518,  0.2359, 0.9704, 0.0000)
            ( -0.0126, -0.9718, 0.2356, 0.0000)
            (-11.1598, -0.0010, 9.7435, 1.0000)>
MESH
Pipe_2_Cube.002
<Matrix 4x4 (  0.6682,  0.0000, 0.0357, 0.0000)
            ( -0.0518,  0.2359, 0.9704, 0.0000)
            ( -0.0126, -0.9718, 0.2356, 0.0000)
            (-11.1598, -0.0010, 9.4060, 1.0000)>
MESH
AC_Stacked_Cube.026
<Matrix 4x4 ( 0.9983,  0.0000, 0.0587, 0.0000)
            (-0.0587,  0.0148, 0.9982, 0.0000)
            (-0.0009, -0.9999, 0.0148, 0.0000)
            (-9.6996,  0.1772, 9.8159, 1.0000)>
MESH
Light_Street_2_Cylinder
<Matrix 4x4 (  1.0000,  0.0000, 0.0000, 0.0000)
            (  0.0000,  1.0000, 0.0000, 0.0000)
            (  0.0000, -0.0000, 1.0000, 0.0000)
            (-16.4726, -0.1835, 2.6264, 1.0000)>
MESH
Light_Street_2_Cylinder.001
<Matrix 4x4 ( 1.0000,  0.0000, 0.0000, 0.0000)
            ( 0.0000,  1.0000, 0.0000, 0.0000)
            ( 0.0000, -0.0000, 1.0000, 0.0000)
            (-9.5377, -0.1835, 7.3553, 1.0000)>
MESH
Light_Street_2_Cylinder.002
<Matrix 4x4 ( 0.9372, 0.3419, -0.0689, 0.0000)
            (-0.3480, 0.9034, -0.2506, 0.0000)
            (-0.0234, 0.2588,  0.9656, 0.0000)
            (-8.7521, 2.5131, -6.5022, 1.0000)>
MESH
Light_Street_2_Cylinder.003
<Matrix 4x4 ( 0.8593, -0.4560, -0.2317, 0.0000)
            ( 0.4532,  0.8888, -0.0686, 0.0000)
            ( 0.2372, -0.0461,  0.9704, 0.0000)
            (-1.1330,  0.3310,  5.7181, 1.0000)>
