# Game Level Exporter v1.3
LIGHT
Light
<Matrix 4x4 (-0.2909, -0.0552,  0.9552, 0.0000)
            (-0.7711,  0.6045, -0.1999, 0.0000)
            (-0.5664, -0.7947, -0.2184, 0.0000)
            (-5.3084,  4.4941,  3.7459, 1.0000)>
CAMERA
Camera
<Matrix 4x4 ( 0.6859,  0.0000,  0.7277, 0.0000)
            (-0.3240,  0.8954,  0.3054, 0.0000)
            (-0.6516, -0.4453,  0.6142, 0.0000)
            ( 7.3589,  4.9583, -6.9258, 1.0000)>
MESH
Platform_4x4
<Matrix 4x4 (1.0000,  0.0000, 0.0000, 0.0000)
            (0.0000,  1.0000, 0.0000, 0.0000)
            (0.0000, -0.0000, 1.0000, 0.0000)
            (0.0000,  0.0000, 0.0000, 1.0000)>
MESH
Platform_4x4.001
<Matrix 4x4 (1.0000,  0.0000, 0.0000, 0.0000)
            (0.0000,  1.0000, 0.0000, 0.0000)
            (0.0000, -0.0000, 1.0000, 0.0000)
            (0.0000,  0.0000, 8.5371, 1.0000)>
MESH
Platform_4x4.002
<Matrix 4x4 (  1.0000,  0.0000, 0.0000, 0.0000)
            (  0.0000,  1.0000, 0.0000, 0.0000)
            (  0.0000, -0.0000, 1.0000, 0.0000)
            (-11.0980,  0.0000, 8.5371, 1.0000)>
MESH
Platform_4x4.003
<Matrix 4x4 (  1.0000,  0.0000,  0.0000, 0.0000)
            (  0.0000,  1.0000,  0.0000, 0.0000)
            (  0.0000, -0.0000,  1.0000, 0.0000)
            (-11.0980,  0.0000, -0.0631, 1.0000)>
MESH
Platform_2x2
<Matrix 4x4 ( 1.0000,  0.0000,  0.0000, 0.0000)
            ( 0.0000,  1.0000,  0.0000, 0.0000)
            ( 0.0000, -0.0000,  1.0000, 0.0000)
            (-5.2180,  0.0000, -3.9700, 1.0000)>
MESH
Platform_2x2.001
<Matrix 4x4 ( 1.0000,  0.0000,  0.0000, 0.0000)
            ( 0.0000,  1.0000,  0.0000, 0.0000)
            ( 0.0000, -0.0000,  1.0000, 0.0000)
            (-5.2180,  0.0000, 14.5336, 1.0000)>
MESH
Platform_2x2.002
<Matrix 4x4 ( 1.0000,  0.0000, 0.0000, 0.0000)
            ( 0.0000,  1.0000, 0.0000, 0.0000)
            ( 0.0000, -0.0000, 1.0000, 0.0000)
            (-5.2180,  0.0000, 3.7706, 1.0000)>
MESH
Platform_4x1
<Matrix 4x4 (-0.0926,  0.0000,  0.9957, 0.0000)
            (-0.0000,  1.0000, -0.0000, 0.0000)
            (-0.9957, -0.0000, -0.0926, 0.0000)
            (-5.1559,  0.0000,  0.0000, 1.0000)>
MESH
Platform_4x1.001
<Matrix 4x4 (-0.0751,  0.0000, -0.9972, 0.0000)
            ( 0.0000,  1.0000, -0.0000, 0.0000)
            ( 0.9972, -0.0000, -0.0751, 0.0000)
            (-5.4015,  0.0000,  8.6880, 1.0000)>
MESH
Character
<Matrix 4x4 (1.0000,  0.0000, 0.0000, 0.0000)
            (0.0000,  1.0000, 0.0000, 0.0000)
            (0.0000, -0.0000, 1.0000, 0.0000)
            (0.0000,  0.0000, 0.0000, 1.0000)>
MESH
Turret_Gun
<Matrix 4x4 (  0.1798,  0.0000, 0.9837, 0.0000)
            ( -0.0000,  1.0000, 0.0000, 0.0000)
            ( -0.9837, -0.0000, 0.1798, 0.0000)
            (-10.3719,  0.0000, 0.0000, 1.0000)>
MESH
Turret_Gun.001
<Matrix 4x4 (  0.7578,  0.0000, 0.6525, 0.0000)
            ( -0.0000,  1.0000, 0.0000, 0.0000)
            ( -0.6525, -0.0000, 0.7578, 0.0000)
            (-10.3719,  0.0000, 8.2561, 1.0000)>
MESH
Turret_Gun.002
<Matrix 4x4 ( 0.9994,  0.0000, -0.0358, 0.0000)
            ( 0.0000,  1.0000,  0.0000, 0.0000)
            ( 0.0358, -0.0000,  0.9994, 0.0000)
            (-0.8210,  0.0000,  8.2561, 1.0000)>
MESH
Enemy_Flying_Gun
<Matrix 4x4 ( 1.0000,  0.0000, 0.0000, 0.0000)
            ( 0.0000,  1.0000, 0.0000, 0.0000)
            ( 0.0000, -0.0000, 1.0000, 0.0000)
            (-5.9542,  1.3738, 9.3755, 1.0000)>
MESH
Sign_4
<Matrix 4x4 (1.0000,  0.0000, 0.0000, 0.0000)
            (0.0000,  1.0000, 0.0000, 0.0000)
            (0.0000, -0.0000, 1.0000, 0.0000)
            (0.8819, -0.6011, 6.5653, 1.0000)>
MESH
Enemy_2Legs
<Matrix 4x4 (1.0000,  0.0000, 0.0000, 0.0000)
            (0.0000,  1.0000, 0.0000, 0.0000)
            (0.0000, -0.0000, 1.0000, 0.0000)
            (0.7504, -0.0120, 8.7986, 1.0000)>
MESH
Enemy_2Legs.001
<Matrix 4x4 (  1.0000,  0.0000, 0.0000, 0.0000)
            (  0.0000,  1.0000, 0.0000, 0.0000)
            (  0.0000, -0.0000, 1.0000, 0.0000)
            (-11.3933, -0.0120, 8.7986, 1.0000)>
MESH
Enemy_Large
<Matrix 4x4 (  0.1741, -0.0455, 0.9837, 0.0000)
            (  0.1909,  0.9815, 0.0116, 0.0000)
            ( -0.9660,  0.1858, 0.1796, 0.0000)
            (-11.8612,  0.0439, 0.0000, 1.0000)>
